2.000000000000000000e+01 1.490000000000000000e+02 1.690000000000000000e+02 5.000000000000000000e+00 2.380000000000000000e+02 6.100000000000000000e+01 1.700000000000000000e+02 1.740000000000000000e+02 4.700000000000000000e+01 2.390000000000000000e+02 1.760000000000000000e+02 4.700000000000000000e+01 2.200000000000000000e+02 1.590000000000000000e+02 1.070000000000000000e+02 2.240000000000000000e+02
2.300000000000000000e+02 1.430000000000000000e+02 1.690000000000000000e+02 5.000000000000000000e+01 2.010000000000000000e+02 2.270000000000000000e+02 7.500000000000000000e+01 2.270000000000000000e+02 1.190000000000000000e+02 8.500000000000000000e+01 1.960000000000000000e+02 2.290000000000000000e+02 6.000000000000000000e+00 3.400000000000000000e+01 3.200000000000000000e+01 6.300000000000000000e+01
2.310000000000000000e+02 1.460000000000000000e+02 1.690000000000000000e+02 1.310000000000000000e+02 3.500000000000000000e+01 1.470000000000000000e+02 1.360000000000000000e+02 8.300000000000000000e+01 1.630000000000000000e+02 9.500000000000000000e+01 1.660000000000000000e+02 1.630000000000000000e+02 6.800000000000000000e+01 1.830000000000000000e+02 1.200000000000000000e+01 2.280000000000000000e+02
2.470000000000000000e+02 1.110000000000000000e+02 1.690000000000000000e+02 1.720000000000000000e+02 6.500000000000000000e+01 2.510000000000000000e+02 2.260000000000000000e+02 1.550000000000000000e+02 2.420000000000000000e+02 2.900000000000000000e+01 1.670000000000000000e+02 1.780000000000000000e+02 1.310000000000000000e+02 2.530000000000000000e+02 3.700000000000000000e+01 1.900000000000000000e+02
4.400000000000000000e+01 5.500000000000000000e+01 1.690000000000000000e+02 4.100000000000000000e+01 1.900000000000000000e+02 4.700000000000000000e+01 6.400000000000000000e+01 2.020000000000000000e+02 7.200000000000000000e+01 2.400000000000000000e+01 4.700000000000000000e+01 5.200000000000000000e+01 1.670000000000000000e+02 1.270000000000000000e+02 8.100000000000000000e+01 2.500000000000000000e+02
9.500000000000000000e+01 1.040000000000000000e+02 1.690000000000000000e+02 1.110000000000000000e+02 2.520000000000000000e+02 1.500000000000000000e+01 1.180000000000000000e+02 3.300000000000000000e+01 5.500000000000000000e+01 3.500000000000000000e+01 7.900000000000000000e+01 2.330000000000000000e+02 2.020000000000000000e+02 1.000000000000000000e+01 1.000000000000000000e+00 2.260000000000000000e+02
1.180000000000000000e+02 3.900000000000000000e+01 1.690000000000000000e+02 9.200000000000000000e+01 4.200000000000000000e+01 6.500000000000000000e+01 2.030000000000000000e+02 1.410000000000000000e+02 9.000000000000000000e+00 2.400000000000000000e+01 2.510000000000000000e+02 2.440000000000000000e+02 1.900000000000000000e+02 1.400000000000000000e+01 1.350000000000000000e+02 9.000000000000000000e+01
2.090000000000000000e+02 1.050000000000000000e+02 1.690000000000000000e+02 3.000000000000000000e+00 7.600000000000000000e+01 9.100000000000000000e+01 2.270000000000000000e+02 2.240000000000000000e+02 1.960000000000000000e+02 2.000000000000000000e+01 1.830000000000000000e+02 1.420000000000000000e+02 2.260000000000000000e+02 2.500000000000000000e+01 4.100000000000000000e+01 1.570000000000000000e+02
9.100000000000000000e+01 1.880000000000000000e+02 1.690000000000000000e+02 6.100000000000000000e+01 2.530000000000000000e+02 1.240000000000000000e+02 3.400000000000000000e+01 1.200000000000000000e+02 1.780000000000000000e+02 4.100000000000000000e+01 2.530000000000000000e+02 2.260000000000000000e+02 2.500000000000000000e+02 1.620000000000000000e+02 5.600000000000000000e+01 1.400000000000000000e+01
1.270000000000000000e+02 7.100000000000000000e+01 1.690000000000000000e+02 2.260000000000000000e+02 2.100000000000000000e+02 6.600000000000000000e+01 2.050000000000000000e+02 3.600000000000000000e+01 2.000000000000000000e+02 1.750000000000000000e+02 4.800000000000000000e+01 1.550000000000000000e+02 2.340000000000000000e+02 2.420000000000000000e+02 2.000000000000000000e+00 5.000000000000000000e+01
