1.150000000000000000e+02 2.190000000000000000e+02 2.270000000000000000e+02 2.800000000000000000e+01 2.270000000000000000e+02 2.120000000000000000e+02 7.200000000000000000e+01 7.600000000000000000e+01 6.800000000000000000e+01 4.300000000000000000e+01 1.240000000000000000e+02 2.430000000000000000e+02 6.100000000000000000e+01 1.620000000000000000e+02 6.500000000000000000e+01 5.700000000000000000e+01
6.100000000000000000e+01 4.900000000000000000e+01 2.270000000000000000e+02 2.170000000000000000e+02 1.450000000000000000e+02 7.700000000000000000e+01 1.010000000000000000e+02 2.450000000000000000e+02 1.270000000000000000e+02 1.040000000000000000e+02 2.100000000000000000e+01 3.900000000000000000e+01 2.290000000000000000e+02 1.600000000000000000e+01 1.790000000000000000e+02 9.100000000000000000e+01
4.100000000000000000e+01 2.100000000000000000e+02 2.270000000000000000e+02 2.010000000000000000e+02 2.200000000000000000e+01 2.020000000000000000e+02 3.800000000000000000e+01 1.860000000000000000e+02 1.670000000000000000e+02 1.980000000000000000e+02 2.000000000000000000e+00 2.280000000000000000e+02 1.830000000000000000e+02 8.900000000000000000e+01 5.900000000000000000e+01 2.290000000000000000e+02
1.920000000000000000e+02 2.090000000000000000e+02 2.270000000000000000e+02 2.030000000000000000e+02 1.890000000000000000e+02 2.190000000000000000e+02 1.400000000000000000e+01 1.740000000000000000e+02 7.700000000000000000e+01 3.000000000000000000e+01 3.100000000000000000e+01 1.710000000000000000e+02 1.390000000000000000e+02 1.480000000000000000e+02 4.000000000000000000e+00 5.900000000000000000e+01
1.050000000000000000e+02 1.500000000000000000e+01 2.270000000000000000e+02 6.400000000000000000e+01 2.350000000000000000e+02 2.130000000000000000e+02 1.500000000000000000e+02 1.150000000000000000e+02 2.300000000000000000e+02 1.830000000000000000e+02 1.100000000000000000e+01 2.050000000000000000e+02 2.020000000000000000e+02 1.060000000000000000e+02 4.000000000000000000e+00 1.000000000000000000e+01
1.300000000000000000e+01 1.610000000000000000e+02 2.270000000000000000e+02 3.500000000000000000e+01 5.800000000000000000e+01 1.740000000000000000e+02 2.010000000000000000e+02 6.400000000000000000e+01 1.430000000000000000e+02 2.020000000000000000e+02 2.100000000000000000e+01 2.300000000000000000e+01 1.570000000000000000e+02 2.360000000000000000e+02 3.800000000000000000e+01 1.060000000000000000e+02
2.270000000000000000e+02 1.300000000000000000e+01 2.270000000000000000e+02 0.000000000000000000e+00 1.320000000000000000e+02 2.240000000000000000e+02 1.430000000000000000e+02 5.000000000000000000e+01 1.560000000000000000e+02 2.180000000000000000e+02 6.200000000000000000e+01 1.220000000000000000e+02 8.800000000000000000e+01 1.730000000000000000e+02 9.200000000000000000e+01 3.800000000000000000e+01
1.010000000000000000e+02 1.370000000000000000e+02 2.270000000000000000e+02 2.510000000000000000e+02 1.780000000000000000e+02 2.500000000000000000e+01 1.270000000000000000e+02 7.800000000000000000e+01 1.940000000000000000e+02 1.290000000000000000e+02 2.000000000000000000e+01 4.700000000000000000e+01 2.410000000000000000e+02 7.700000000000000000e+01 7.300000000000000000e+01 1.390000000000000000e+02
2.150000000000000000e+02 2.310000000000000000e+02 2.270000000000000000e+02 1.540000000000000000e+02 1.450000000000000000e+02 1.400000000000000000e+01 2.340000000000000000e+02 1.620000000000000000e+02 3.900000000000000000e+01 1.570000000000000000e+02 6.100000000000000000e+01 1.120000000000000000e+02 7.900000000000000000e+01 2.380000000000000000e+02 2.070000000000000000e+02 1.660000000000000000e+02
1.280000000000000000e+02 1.280000000000000000e+02 2.270000000000000000e+02 5.200000000000000000e+01 1.310000000000000000e+02 5.200000000000000000e+01 5.700000000000000000e+01 4.300000000000000000e+01 2.110000000000000000e+02 2.120000000000000000e+02 1.100000000000000000e+02 2.260000000000000000e+02 2.380000000000000000e+02 7.600000000000000000e+01 1.010000000000000000e+02 2.460000000000000000e+02
